{
 "cells": [
  {
   "cell_type": "code",
   "execution_count": 1,
   "metadata": {},
   "outputs": [],
   "source": [
    "import numpy as np\n",
    "import matplotlib.pyplot as plt\n",
    "import torch\n",
    "import torchvision\n",
    "import torchvision.transforms as transforms\n",
    "import glob\n",
    "from sklearn.model_selection import train_test_split\n",
    "import torch.nn as nn\n",
    "import torch.nn.functional as F\n",
    "from time import time\n",
    "from torchsummary import summary\n",
    "import math\n",
    "import copy\n",
    "import csv\n",
    "from sklearn.metrics import confusion_matrix"
   ]
  },
  {
   "cell_type": "code",
   "execution_count": 2,
   "metadata": {},
   "outputs": [
    {
     "data": {
      "text/plain": [
       "<torch._C.Generator at 0x23519cf0cf0>"
      ]
     },
     "execution_count": 2,
     "metadata": {},
     "output_type": "execute_result"
    }
   ],
   "source": [
    "lr = 0.001\n",
    "numepoch = 50\n",
    "seed = 0\n",
    "optimizer = torch.optim.Adam\n",
    "loss_function = nn.CrossEntropyLoss()\n",
    "batch_size = 20\n",
    "kernel_size = 5\n",
    "\n",
    "num_kernel1 = 60\n",
    "num_kernel2 = 30\n",
    "first_layer_neurons = 500\n",
    "second_layer_neurons = 150\n",
    "\n",
    "torch.manual_seed(seed)"
   ]
  },
  {
   "cell_type": "code",
   "execution_count": 3,
   "metadata": {},
   "outputs": [],
   "source": [
    "classes = ('English', 'Mandarin', 'Persian')\n",
    "\n",
    "# Get dataset\n",
    "train_data = torchvision.datasets.ImageFolder(root=\"./train/\", transform=transforms.ToTensor())\n",
    "valid_data = torchvision.datasets.ImageFolder(root=\"./valid/\", transform=transforms.ToTensor())\n",
    "test_data = torchvision.datasets.ImageFolder(root=\"./test/\", transform=transforms.ToTensor())"
   ]
  },
  {
   "cell_type": "code",
   "execution_count": 4,
   "metadata": {},
   "outputs": [],
   "source": [
    "class Net(nn.Module):\n",
    "    \n",
    "    def __init__(self, num_kernel1, num_kernel2, kernel_size, first_layer_neurons, second_layer_neurons):\n",
    "        super(Net, self).__init__()\n",
    "        self.conv1 = nn.Conv2d(3, num_kernel1, kernel_size = kernel_size)\n",
    "        self.conv2 = nn.Conv2d(num_kernel1, num_kernel2, kernel_size = kernel_size)\n",
    "\n",
    "        self.pool = nn.MaxPool2d(2,2)\n",
    "        self.drop_out = nn.Dropout()\n",
    "        \n",
    "        self.img_size = [64,108]\n",
    "        self.img_width = int((int((108 - kernel_size + 1)/2) - kernel_size + 1)/2)\n",
    "        self.img_height = int((int((64 - kernel_size + 1)/2) - kernel_size + 1)/2)\n",
    "        \n",
    "        self.img_size = num_kernel2*self.img_height*self.img_width\n",
    "        \n",
    "        self.fc1 = nn.Linear(self.img_size, first_layer_neurons)\n",
    "        self.fc2 = nn.Linear(first_layer_neurons, second_layer_neurons)\n",
    "        self.fc3 = nn.Linear(second_layer_neurons, 3)\n",
    "        self.fc1_BN = nn.BatchNorm1d(first_layer_neurons)\n",
    "        self.fc2_BN = nn.BatchNorm1d(second_layer_neurons)\n",
    "        \n",
    "    def forward(self, x):\n",
    "        x = self.pool(F.relu(self.conv1(x)))\n",
    "        x = self.pool(F.relu(self.conv2(x)))\n",
    "        \n",
    "        x = x.view(-1,self.img_size)\n",
    "        x = self.drop_out(x)\n",
    "        \n",
    "        x = F.relu(self.fc1_BN(self.fc1(x)))\n",
    "        x = F.relu(self.fc2_BN(self.fc2(x)))\n",
    "        x = self.fc3(x)\n",
    "        x = F.softmax(x,dim=1)\n",
    "        return x\n",
    "\n",
    "#one hot encoding for label vector, used for MSELoss\n",
    "def onehot(labels):\n",
    "    one_hot_labels = np.zeros((len(labels),3))\n",
    "    for i in range(len(labels)):\n",
    "        one_hot_labels[i][labels[i]] = 1\n",
    "    return torch.from_numpy(one_hot_labels)\n",
    "\n",
    "#compute accuracy of the given model on data in loader\n",
    "def accuracy(net, loader):\n",
    "    correct = 0\n",
    "    total = 0\n",
    "    with torch.no_grad():\n",
    "        for data in loader:\n",
    "            images, labels = data\n",
    "            outputs = net(images)\n",
    "            _, predicted = torch.max(outputs.data, 1)\n",
    "            total += labels.size(0)\n",
    "            correct += (predicted == labels).sum().item()\n",
    "    return correct/total"
   ]
  },
  {
   "cell_type": "code",
   "execution_count": 5,
   "metadata": {},
   "outputs": [],
   "source": [
    "train_loader = torch.utils.data.DataLoader(train_data, batch_size=batch_size, shuffle=True)\n",
    "valid_loader = torch.utils.data.DataLoader(valid_data, batch_size=batch_size)\n",
    "test_loader = torch.utils.data.DataLoader(test_data, batch_size=batch_size)\n",
    "net = Net(num_kernel1, num_kernel2, kernel_size, first_layer_neurons, second_layer_neurons)\n",
    "optimizer = torch.optim.Adam(net.parameters(),lr)"
   ]
  },
  {
   "cell_type": "code",
   "execution_count": null,
   "metadata": {},
   "outputs": [],
   "source": [
    "trainLossRec = []\n",
    "validLossRec = []\n",
    "testLossRec = []\n",
    "trainAccRec = []\n",
    "validAccRec = []\n",
    "testAccRec = []\n",
    "nRec = []\n",
    "startTime = time()\n",
    "best_accuV = 0\n",
    "\n",
    "for epoch in range(numepoch):\n",
    "    running_loss = 0.0\n",
    "    numbatch = 0\n",
    "    net.train()\n",
    "    for i, train_data in enumerate(train_loader, 0):\n",
    "        inputs, labels = train_data\n",
    "        optimizer.zero_grad()\n",
    "        predictT = net(inputs.float())\n",
    "        #lossT= loss_function(input=predictT.squeeze(), target=onehot(labels).float()) #MSE\n",
    "        lossT= loss_function(predictT, labels) #CrossEntropy\n",
    "        lossT.backward()\n",
    "        optimizer.step()\n",
    "        running_loss += lossT.item()\n",
    "        numbatch += 1\n",
    "    trainLossRec.append(running_loss/numbatch)\n",
    "    accuT = accuracy(net,train_loader)\n",
    "    trainAccRec.append(accuT)\n",
    "\n",
    "    running_loss = 0.0\n",
    "    numbatch = 0\n",
    "    net.eval()\n",
    "    for i, valid_data in enumerate(valid_loader):\n",
    "        inputs, labels = valid_data\n",
    "        predictV = net(inputs.float())\n",
    "        #lossV = loss_function(input=predictV.squeeze(), target=onehot(labels).float()) #MSE\n",
    "        lossV= loss_function(predictV, labels) #CrossEntropy\n",
    "        running_loss += lossV.item()\n",
    "        numbatch += 1\n",
    "    validLossRec.append(running_loss/numbatch)\n",
    "    accuV = accuracy(net,valid_loader)\n",
    "    validAccRec.append(accuV)\n",
    "\n",
    "    if (accuV > best_accuV):\n",
    "        best_accuV = accuV\n",
    "        best_model_weights = copy.deepcopy(net.state_dict())\n",
    "\n",
    "    nRec.append(epoch)\n",
    "    print(\"Epoch:\",nRec[-1]+1,\"Training Accuracy:\",accuT,\"Validation Accuracy:\",accuV)\n",
    "\n",
    "timeElapsed = time()-startTime\n",
    "print('Training Time:',timeElapsed)"
   ]
  },
  {
   "cell_type": "code",
   "execution_count": null,
   "metadata": {},
   "outputs": [],
   "source": [
    "# PLOT\n",
    "plt.plot(nRec,trainLossRec, label='Train')\n",
    "plt.plot(nRec,validLossRec, label='Validation')\n",
    "plt.title(\"Loss vs. Epoch\")\n",
    "plt.xlabel(\"Epoch\")\n",
    "plt.ylabel(\"Loss\")\n",
    "plt.legend()\n",
    "plt.show()\n",
    "\n",
    "plt.plot(nRec,trainAccRec, label='Train')\n",
    "plt.plot(nRec,validAccRec, label='Validation')\n",
    "plt.title(\"Accuracy vs. Epoch\")\n",
    "plt.xlabel(\"Epoch\")\n",
    "plt.ylabel(\"Accuracy\")\n",
    "plt.legend()\n",
    "plt.show()"
   ]
  },
  {
   "cell_type": "code",
   "execution_count": 9,
   "metadata": {},
   "outputs": [
    {
     "name": "stdout",
     "output_type": "stream",
     "text": [
      "Best CNN Model\n",
      "Training Accuracy:  0.9933333333333333\n",
      "Validation Accuracy:  0.36333333333333334\n",
      "Test Accuracy:  0.41333333333333333\n"
     ]
    }
   ],
   "source": [
    "print(\"Best CNN Model\")\n",
    "#net.load_state_dict(best_model_weights)\n",
    "print(\"Training Accuracy: \", accuracy(net, train_loader))\n",
    "print(\"Validation Accuracy: \", accuracy(net, valid_loader))\n",
    "print(\"Test Accuracy: \", accuracy(net, test_loader))"
   ]
  },
  {
   "cell_type": "code",
   "execution_count": null,
   "metadata": {},
   "outputs": [],
   "source": [
    "#torch.save(net.state_dict(), 'Best_CNN_Model.pt')"
   ]
  },
  {
   "cell_type": "code",
   "execution_count": 10,
   "metadata": {},
   "outputs": [
    {
     "name": "stdout",
     "output_type": "stream",
     "text": [
      "lebel:  tensor([0, 2, 1, 0, 2, 1, 1, 2, 0, 1, 0, 2, 1, 0, 2, 1, 1, 2, 0, 2])\n",
      "prediction:  tensor([[9.9954e-01, 7.6752e-07, 4.5465e-04],\n",
      "        [1.8695e-05, 1.1598e-03, 9.9882e-01],\n",
      "        [1.7270e-05, 9.9988e-01, 1.0409e-04],\n",
      "        [9.9962e-01, 2.0182e-07, 3.7818e-04],\n",
      "        [3.0976e-03, 2.2623e-05, 9.9688e-01],\n",
      "        [1.8716e-06, 9.9752e-01, 2.4808e-03],\n",
      "        [4.6612e-04, 9.9942e-01, 1.1157e-04],\n",
      "        [1.3123e-03, 1.1933e-04, 9.9857e-01],\n",
      "        [9.9999e-01, 2.6619e-06, 5.2814e-06],\n",
      "        [1.3551e-04, 9.9976e-01, 9.9581e-05],\n",
      "        [9.9986e-01, 3.8077e-05, 1.0076e-04],\n",
      "        [2.0529e-04, 3.2191e-05, 9.9976e-01],\n",
      "        [1.2774e-08, 9.9999e-01, 9.4284e-06],\n",
      "        [1.0000e+00, 2.2019e-06, 1.0240e-07],\n",
      "        [6.7140e-07, 2.6930e-04, 9.9973e-01],\n",
      "        [4.0291e-05, 9.9498e-01, 4.9753e-03],\n",
      "        [4.3039e-04, 9.9946e-01, 1.1017e-04],\n",
      "        [4.5283e-04, 2.7481e-04, 9.9927e-01],\n",
      "        [9.9906e-01, 1.7790e-05, 9.2546e-04],\n",
      "        [3.3288e-05, 1.8369e-05, 9.9995e-01]], grad_fn=<SoftmaxBackward>)\n",
      "lebel:  tensor([2, 0, 2, 0, 0, 0, 2, 2, 1, 0, 0, 0, 1, 0, 2, 1, 0, 2, 2, 0])\n",
      "prediction:  tensor([[1.4004e-05, 5.5859e-03, 9.9440e-01],\n",
      "        [9.9784e-01, 1.7963e-05, 2.1451e-03],\n",
      "        [7.4685e-05, 2.1558e-02, 9.7837e-01],\n",
      "        [7.9445e-01, 2.5657e-04, 2.0529e-01],\n",
      "        [9.9999e-01, 1.7816e-06, 6.7992e-06],\n",
      "        [9.9996e-01, 3.9122e-05, 4.5372e-06],\n",
      "        [2.5550e-06, 3.6794e-05, 9.9996e-01],\n",
      "        [3.8120e-05, 6.0351e-05, 9.9990e-01],\n",
      "        [4.6580e-07, 9.9917e-01, 8.2556e-04],\n",
      "        [9.9862e-01, 3.4673e-04, 1.0315e-03],\n",
      "        [9.9567e-01, 4.2039e-03, 1.2857e-04],\n",
      "        [9.9669e-01, 4.8914e-05, 3.2645e-03],\n",
      "        [6.6217e-07, 9.9989e-01, 1.0523e-04],\n",
      "        [9.9866e-01, 1.1291e-03, 2.1459e-04],\n",
      "        [7.4824e-06, 4.6288e-02, 9.5370e-01],\n",
      "        [1.8621e-08, 1.0000e+00, 6.8523e-09],\n",
      "        [9.7621e-01, 6.5714e-04, 2.3133e-02],\n",
      "        [3.7037e-06, 1.1749e-03, 9.9882e-01],\n",
      "        [5.6084e-03, 1.1672e-03, 9.9322e-01],\n",
      "        [9.9245e-01, 2.9307e-04, 7.2575e-03]], grad_fn=<SoftmaxBackward>)\n",
      "lebel:  tensor([0, 1, 2, 2, 0, 2, 2, 0, 0, 1, 1, 1, 2, 1, 0, 1, 2, 0, 1, 1])\n",
      "prediction:  tensor([[9.9999e-01, 1.9125e-07, 9.8601e-06],\n",
      "        [6.9733e-05, 9.9991e-01, 1.6805e-05],\n",
      "        [2.3151e-05, 8.1383e-06, 9.9997e-01],\n",
      "        [6.2659e-04, 1.4932e-06, 9.9937e-01],\n",
      "        [9.9997e-01, 1.4498e-05, 1.8490e-05],\n",
      "        [1.4411e-05, 1.6264e-05, 9.9997e-01],\n",
      "        [1.2824e-04, 4.3158e-06, 9.9987e-01],\n",
      "        [9.9997e-01, 9.9713e-06, 2.3172e-05],\n",
      "        [9.9864e-01, 1.8205e-07, 1.3641e-03],\n",
      "        [1.2596e-05, 9.9995e-01, 3.6986e-05],\n",
      "        [2.3291e-06, 9.9998e-01, 1.9002e-05],\n",
      "        [8.6894e-07, 9.9949e-01, 5.0869e-04],\n",
      "        [1.6707e-04, 1.8004e-03, 9.9803e-01],\n",
      "        [7.5139e-03, 6.9693e-01, 2.9556e-01],\n",
      "        [9.9986e-01, 1.1857e-04, 2.3106e-05],\n",
      "        [2.5365e-05, 9.9997e-01, 2.6726e-06],\n",
      "        [1.0269e-05, 1.8289e-03, 9.9816e-01],\n",
      "        [9.9978e-01, 7.5039e-08, 2.1896e-04],\n",
      "        [2.0606e-04, 9.9273e-01, 7.0609e-03],\n",
      "        [1.2263e-05, 9.9057e-01, 9.4171e-03]], grad_fn=<SoftmaxBackward>)\n",
      "lebel:  tensor([2, 1, 1, 2, 2, 2, 0, 2, 2, 1, 0, 0, 0, 2, 0, 2, 2, 2, 2, 0])\n",
      "prediction:  tensor([[1.3321e-03, 2.0904e-03, 9.9658e-01],\n",
      "        [1.4660e-07, 1.0000e+00, 7.3920e-08],\n",
      "        [6.1825e-10, 9.9998e-01, 1.6839e-05],\n",
      "        [8.8802e-05, 1.2447e-02, 9.8746e-01],\n",
      "        [1.9865e-03, 2.9990e-04, 9.9771e-01],\n",
      "        [9.0660e-06, 9.2691e-05, 9.9990e-01],\n",
      "        [9.9998e-01, 1.5315e-05, 1.5129e-06],\n",
      "        [1.9567e-03, 8.4182e-03, 9.8963e-01],\n",
      "        [8.6019e-05, 4.1347e-04, 9.9950e-01],\n",
      "        [3.7545e-05, 9.9747e-01, 2.4909e-03],\n",
      "        [9.9996e-01, 3.4044e-05, 2.9019e-06],\n",
      "        [9.9736e-01, 2.5934e-03, 4.8029e-05],\n",
      "        [9.9762e-01, 2.3214e-03, 5.3860e-05],\n",
      "        [2.5693e-02, 1.8930e-03, 9.7241e-01],\n",
      "        [9.9991e-01, 9.0687e-05, 3.1240e-06],\n",
      "        [1.8636e-05, 2.1602e-04, 9.9977e-01],\n",
      "        [4.4613e-04, 7.5883e-02, 9.2367e-01],\n",
      "        [2.5804e-02, 2.7611e-03, 9.7144e-01],\n",
      "        [1.4976e-02, 6.5639e-05, 9.8496e-01],\n",
      "        [9.9999e-01, 1.0840e-07, 1.3880e-05]], grad_fn=<SoftmaxBackward>)\n",
      "lebel:  tensor([0, 1, 1, 0, 0, 1, 0, 2, 0, 1, 0, 0, 0, 0, 0, 2, 1, 0, 2, 1])\n",
      "prediction:  tensor([[9.9807e-01, 6.9014e-07, 1.9295e-03],\n",
      "        [2.0579e-08, 9.9984e-01, 1.5528e-04],\n",
      "        [1.3236e-04, 9.9537e-01, 4.4968e-03],\n",
      "        [9.9628e-01, 3.7188e-03, 1.2292e-06],\n",
      "        [9.8905e-01, 6.6111e-04, 1.0291e-02],\n",
      "        [1.6294e-08, 9.9635e-01, 3.6481e-03],\n",
      "        [9.9889e-01, 4.6905e-05, 1.0675e-03],\n",
      "        [5.5224e-07, 1.6743e-05, 9.9998e-01],\n",
      "        [9.9945e-01, 5.2003e-07, 5.4513e-04],\n",
      "        [9.2110e-07, 9.9977e-01, 2.3291e-04],\n",
      "        [9.7575e-01, 9.3857e-05, 2.4156e-02],\n",
      "        [9.9969e-01, 2.2771e-04, 7.9901e-05],\n",
      "        [9.9927e-01, 4.8273e-04, 2.4532e-04],\n",
      "        [9.9856e-01, 5.6627e-04, 8.7399e-04],\n",
      "        [9.2167e-01, 1.7559e-03, 7.6571e-02],\n",
      "        [4.2568e-04, 1.4410e-04, 9.9943e-01],\n",
      "        [9.3219e-08, 9.9999e-01, 6.2056e-06],\n",
      "        [9.6631e-01, 6.3655e-07, 3.3693e-02],\n",
      "        [1.5146e-09, 2.7755e-06, 1.0000e+00],\n",
      "        [1.4273e-06, 9.9759e-01, 2.4101e-03]], grad_fn=<SoftmaxBackward>)\n",
      "lebel:  tensor([0, 1, 2, 1, 1, 2, 0, 1, 2, 0, 0, 0, 2, 2, 0, 1, 2, 0, 1, 0])\n",
      "prediction:  tensor([[9.9362e-01, 5.7197e-04, 5.8118e-03],\n",
      "        [1.1579e-07, 1.0000e+00, 5.7895e-07],\n",
      "        [2.4241e-03, 4.2879e-06, 9.9757e-01],\n",
      "        [9.0570e-08, 9.9997e-01, 3.1728e-05],\n",
      "        [2.4943e-07, 9.9781e-01, 2.1919e-03],\n",
      "        [8.6671e-05, 6.4446e-03, 9.9347e-01],\n",
      "        [9.9975e-01, 1.4242e-04, 1.0911e-04],\n",
      "        [3.7731e-07, 9.9993e-01, 7.1905e-05],\n",
      "        [6.6770e-04, 1.1670e-04, 9.9922e-01],\n",
      "        [9.7005e-01, 2.3928e-05, 2.9928e-02],\n",
      "        [9.9990e-01, 9.5065e-05, 9.6044e-08],\n",
      "        [9.9865e-01, 1.3048e-04, 1.2209e-03],\n",
      "        [3.1796e-03, 6.2762e-06, 9.9681e-01],\n",
      "        [1.8675e-03, 1.3082e-04, 9.9800e-01],\n",
      "        [9.9798e-01, 9.0994e-04, 1.1090e-03],\n",
      "        [2.0138e-05, 9.9632e-01, 3.6561e-03],\n",
      "        [6.2630e-07, 4.6294e-06, 9.9999e-01],\n",
      "        [9.9936e-01, 4.6123e-07, 6.4351e-04],\n",
      "        [5.9540e-07, 9.9970e-01, 3.0186e-04],\n",
      "        [9.9997e-01, 3.6056e-06, 2.9927e-05]], grad_fn=<SoftmaxBackward>)\n",
      "lebel:  tensor([2, 0, 2, 2, 1, 1, 1, 1, 1, 0, 2, 0, 1, 0, 1, 0, 2, 2, 1, 1])\n",
      "prediction:  tensor([[1.0217e-02, 2.0302e-06, 9.8978e-01],\n",
      "        [9.9999e-01, 2.0435e-08, 5.6114e-06],\n",
      "        [6.2459e-05, 5.5391e-05, 9.9988e-01],\n",
      "        [2.3061e-04, 1.1614e-04, 9.9965e-01],\n",
      "        [4.5596e-05, 9.9981e-01, 1.4883e-04],\n",
      "        [1.3782e-05, 9.9986e-01, 1.2935e-04],\n",
      "        [1.0116e-06, 9.9945e-01, 5.5286e-04],\n",
      "        [3.6842e-05, 9.9815e-01, 1.8094e-03],\n",
      "        [2.9629e-05, 9.9847e-01, 1.4962e-03],\n",
      "        [9.9824e-01, 6.3903e-06, 1.7493e-03],\n",
      "        [2.2702e-03, 6.3072e-05, 9.9767e-01],\n",
      "        [9.9948e-01, 5.1499e-05, 4.6688e-04],\n",
      "        [2.3954e-05, 9.9974e-01, 2.3829e-04],\n",
      "        [9.9994e-01, 1.1544e-05, 4.9942e-05],\n",
      "        [4.5571e-05, 9.9995e-01, 2.9363e-06],\n",
      "        [9.9961e-01, 9.4261e-06, 3.7967e-04],\n",
      "        [3.6444e-05, 5.6898e-07, 9.9996e-01],\n",
      "        [1.1951e-01, 1.0374e-07, 8.8049e-01],\n",
      "        [4.1142e-04, 9.8250e-01, 1.7084e-02],\n",
      "        [2.0118e-05, 9.9994e-01, 3.7578e-05]], grad_fn=<SoftmaxBackward>)\n",
      "lebel:  tensor([0, 0, 1, 1, 2, 1, 1, 1, 2, 1, 0, 2, 2, 1, 0, 1, 0, 0, 1, 0])\n",
      "prediction:  tensor([[9.9978e-01, 2.0997e-05, 1.9881e-04],\n",
      "        [1.0000e+00, 5.7172e-07, 8.4751e-07],\n",
      "        [2.8097e-06, 9.9810e-01, 1.9017e-03],\n",
      "        [3.1403e-05, 9.9031e-01, 9.6537e-03],\n",
      "        [3.3367e-04, 9.4949e-07, 9.9967e-01],\n",
      "        [6.5942e-06, 9.9305e-01, 6.9410e-03],\n",
      "        [1.5188e-06, 1.0000e+00, 3.3404e-06],\n",
      "        [8.4280e-05, 9.7850e-01, 2.1412e-02],\n",
      "        [7.4402e-06, 7.6651e-07, 9.9999e-01],\n",
      "        [1.7521e-06, 9.9962e-01, 3.7832e-04],\n",
      "        [9.9997e-01, 1.3389e-08, 2.7867e-05],\n",
      "        [7.0287e-05, 4.4186e-04, 9.9949e-01],\n",
      "        [1.2128e-04, 2.0155e-06, 9.9988e-01],\n",
      "        [7.7679e-04, 9.9156e-01, 7.6632e-03],\n",
      "        [9.9906e-01, 9.3036e-04, 1.3224e-05],\n",
      "        [1.0363e-05, 9.9307e-01, 6.9170e-03],\n",
      "        [9.9974e-01, 5.6335e-07, 2.5674e-04],\n",
      "        [9.9784e-01, 8.3322e-05, 2.0731e-03],\n",
      "        [1.4931e-05, 9.9306e-01, 6.9226e-03],\n",
      "        [9.9955e-01, 1.3726e-05, 4.3239e-04]], grad_fn=<SoftmaxBackward>)\n"
     ]
    },
    {
     "name": "stdout",
     "output_type": "stream",
     "text": [
      "lebel:  tensor([2, 2, 2, 2, 2, 0, 0, 1, 1, 2, 2, 0, 2, 1, 2, 2, 1, 0, 0, 0])\n",
      "prediction:  tensor([[7.9663e-04, 8.4803e-02, 9.1440e-01],\n",
      "        [5.5411e-05, 1.3201e-04, 9.9981e-01],\n",
      "        [4.7013e-05, 7.0687e-05, 9.9988e-01],\n",
      "        [4.8543e-02, 1.0699e-05, 9.5145e-01],\n",
      "        [6.8626e-03, 1.7129e-01, 8.2185e-01],\n",
      "        [9.8934e-01, 7.2813e-04, 9.9291e-03],\n",
      "        [9.9964e-01, 3.2588e-06, 3.5419e-04],\n",
      "        [4.8643e-05, 9.9991e-01, 3.6494e-05],\n",
      "        [2.2361e-06, 9.9998e-01, 1.8339e-05],\n",
      "        [7.0162e-04, 2.9951e-02, 9.6935e-01],\n",
      "        [2.8912e-02, 4.1180e-02, 9.2991e-01],\n",
      "        [1.0000e+00, 3.3990e-06, 4.3831e-07],\n",
      "        [5.5534e-03, 1.8560e-02, 9.7589e-01],\n",
      "        [8.5972e-07, 1.0000e+00, 9.3960e-07],\n",
      "        [1.4450e-03, 1.3138e-04, 9.9842e-01],\n",
      "        [1.1315e-06, 6.0007e-02, 9.3999e-01],\n",
      "        [1.8585e-08, 9.9993e-01, 7.0070e-05],\n",
      "        [9.9972e-01, 1.4008e-05, 2.7029e-04],\n",
      "        [9.9994e-01, 6.9085e-08, 5.9408e-05],\n",
      "        [1.0000e+00, 1.0495e-06, 2.1514e-06]], grad_fn=<SoftmaxBackward>)\n",
      "lebel:  tensor([1, 0, 2, 2, 2, 2, 1, 0, 1, 1, 1, 1, 1, 0, 1, 2, 1, 0, 1, 2])\n",
      "prediction:  tensor([[8.0030e-05, 9.9725e-01, 2.6668e-03],\n",
      "        [9.9999e-01, 1.2956e-09, 5.2648e-06],\n",
      "        [3.3104e-04, 4.2801e-05, 9.9963e-01],\n",
      "        [2.4659e-06, 2.7794e-06, 9.9999e-01],\n",
      "        [6.6906e-01, 6.3997e-10, 3.3094e-01],\n",
      "        [2.7922e-03, 1.8147e-03, 9.9539e-01],\n",
      "        [3.2037e-04, 9.8672e-01, 1.2962e-02],\n",
      "        [9.9970e-01, 2.0275e-04, 9.9216e-05],\n",
      "        [1.6460e-03, 9.9317e-01, 5.1846e-03],\n",
      "        [1.2750e-04, 9.9906e-01, 8.1426e-04],\n",
      "        [8.1128e-06, 9.9992e-01, 7.4718e-05],\n",
      "        [1.6415e-06, 9.6614e-01, 3.3860e-02],\n",
      "        [2.4036e-03, 9.2952e-01, 6.8073e-02],\n",
      "        [9.9989e-01, 2.2415e-06, 1.1024e-04],\n",
      "        [1.7209e-04, 9.9977e-01, 5.9108e-05],\n",
      "        [1.2746e-04, 6.3983e-04, 9.9923e-01],\n",
      "        [6.1649e-06, 9.9997e-01, 2.0888e-05],\n",
      "        [9.9996e-01, 4.4687e-09, 4.2146e-05],\n",
      "        [8.5508e-04, 9.9914e-01, 3.9041e-06],\n",
      "        [1.1290e-03, 2.2495e-05, 9.9885e-01]], grad_fn=<SoftmaxBackward>)\n",
      "lebel:  tensor([1, 2, 0, 2, 2, 0, 0, 1, 2, 0, 2, 2, 0, 2, 0, 0, 1, 1, 2, 1])\n",
      "prediction:  tensor([[6.2048e-07, 1.0000e+00, 2.6242e-07],\n",
      "        [4.8683e-06, 4.0429e-04, 9.9959e-01],\n",
      "        [9.9999e-01, 2.5266e-06, 4.9814e-06],\n",
      "        [1.1473e-04, 1.0589e-04, 9.9978e-01],\n",
      "        [6.2615e-05, 8.5540e-04, 9.9908e-01],\n",
      "        [9.9979e-01, 1.0620e-06, 2.1170e-04],\n",
      "        [9.9998e-01, 1.7736e-06, 2.2204e-05],\n",
      "        [1.5928e-05, 9.9997e-01, 1.6551e-05],\n",
      "        [2.1419e-04, 4.8432e-03, 9.9494e-01],\n",
      "        [9.9904e-01, 8.6204e-04, 9.9845e-05],\n",
      "        [2.3266e-06, 1.4963e-02, 9.8503e-01],\n",
      "        [6.3885e-05, 8.2420e-04, 9.9911e-01],\n",
      "        [9.9334e-01, 1.7749e-04, 6.4848e-03],\n",
      "        [7.2166e-04, 5.0326e-06, 9.9927e-01],\n",
      "        [9.9998e-01, 1.1694e-06, 1.6399e-05],\n",
      "        [9.9975e-01, 5.7696e-06, 2.4476e-04],\n",
      "        [1.9437e-06, 9.9996e-01, 3.5743e-05],\n",
      "        [1.4791e-05, 9.9905e-01, 9.3559e-04],\n",
      "        [4.3499e-03, 3.2611e-04, 9.9532e-01],\n",
      "        [2.6708e-07, 9.9995e-01, 4.5572e-05]], grad_fn=<SoftmaxBackward>)\n",
      "lebel:  tensor([0, 1, 1, 1, 2, 0, 1, 2, 0, 0, 1, 0, 1, 1, 2, 0, 2, 1, 1, 2])\n",
      "prediction:  tensor([[9.9999e-01, 1.2845e-07, 7.6932e-06],\n",
      "        [1.4237e-07, 9.9994e-01, 6.0572e-05],\n",
      "        [2.1470e-08, 9.9930e-01, 6.9824e-04],\n",
      "        [4.5897e-04, 9.1013e-01, 8.9411e-02],\n",
      "        [8.3630e-04, 8.3853e-05, 9.9908e-01],\n",
      "        [9.9924e-01, 2.9238e-06, 7.5540e-04],\n",
      "        [1.5243e-05, 9.5396e-01, 4.6023e-02],\n",
      "        [1.7491e-03, 2.1399e-05, 9.9823e-01],\n",
      "        [9.9853e-01, 1.0734e-05, 1.4590e-03],\n",
      "        [9.9983e-01, 2.8231e-08, 1.7495e-04],\n",
      "        [5.2994e-07, 9.2623e-01, 7.3765e-02],\n",
      "        [9.9999e-01, 8.2162e-06, 1.2814e-06],\n",
      "        [1.2517e-05, 9.9866e-01, 1.3309e-03],\n",
      "        [2.5253e-05, 9.9996e-01, 1.1522e-05],\n",
      "        [1.0471e-03, 3.2527e-05, 9.9892e-01],\n",
      "        [9.9900e-01, 7.6225e-05, 9.2034e-04],\n",
      "        [4.7651e-04, 7.7797e-07, 9.9952e-01],\n",
      "        [3.6684e-04, 9.9945e-01, 1.8186e-04],\n",
      "        [2.4379e-03, 9.9694e-01, 6.2165e-04],\n",
      "        [5.1851e-03, 7.1972e-05, 9.9474e-01]], grad_fn=<SoftmaxBackward>)\n",
      "lebel:  tensor([2, 2, 0, 0, 1, 1, 1, 2, 0, 2, 0, 0, 2, 1, 0, 0, 0, 2, 1, 0])\n",
      "prediction:  tensor([[9.5023e-05, 1.3535e-04, 9.9977e-01],\n",
      "        [2.0496e-03, 1.3534e-05, 9.9794e-01],\n",
      "        [9.8863e-01, 5.6678e-05, 1.1312e-02],\n",
      "        [9.8398e-01, 8.4198e-03, 7.5968e-03],\n",
      "        [6.7725e-07, 9.9940e-01, 6.0266e-04],\n",
      "        [4.9715e-07, 9.9996e-01, 3.8447e-05],\n",
      "        [8.6510e-06, 9.9998e-01, 1.2829e-05],\n",
      "        [6.4026e-07, 7.7565e-06, 9.9999e-01],\n",
      "        [9.9947e-01, 2.3914e-05, 5.0554e-04],\n",
      "        [1.8187e-03, 1.9036e-03, 9.9628e-01],\n",
      "        [9.8129e-01, 8.1277e-05, 1.8628e-02],\n",
      "        [9.9894e-01, 4.7437e-04, 5.8084e-04],\n",
      "        [7.5053e-06, 1.3437e-02, 9.8656e-01],\n",
      "        [3.8570e-09, 9.9990e-01, 9.8693e-05],\n",
      "        [9.9954e-01, 3.8119e-04, 7.9503e-05],\n",
      "        [9.9977e-01, 9.7948e-07, 2.2579e-04],\n",
      "        [9.9998e-01, 1.9734e-05, 1.9131e-06],\n",
      "        [9.3555e-05, 7.5413e-05, 9.9983e-01],\n",
      "        [5.6661e-08, 9.9858e-01, 1.4155e-03],\n",
      "        [9.9993e-01, 6.4459e-05, 5.1782e-06]], grad_fn=<SoftmaxBackward>)\n",
      "lebel:  tensor([2, 1, 1, 2, 0, 0, 2, 0, 1, 0, 2, 2, 2, 0, 0, 0, 0, 2, 0, 1])\n",
      "prediction:  tensor([[9.3081e-06, 7.5850e-05, 9.9991e-01],\n",
      "        [8.8680e-09, 9.9998e-01, 1.5901e-05],\n",
      "        [1.6505e-05, 9.9979e-01, 1.9240e-04],\n",
      "        [5.9213e-04, 6.9347e-03, 9.9247e-01],\n",
      "        [8.8133e-01, 2.1125e-04, 1.1846e-01],\n",
      "        [9.9737e-01, 2.8703e-04, 2.3455e-03],\n",
      "        [1.5842e-04, 1.7361e-04, 9.9967e-01],\n",
      "        [9.9749e-01, 5.8583e-04, 1.9235e-03],\n",
      "        [8.2824e-06, 9.9999e-01, 1.8799e-07],\n",
      "        [9.9877e-01, 1.1942e-07, 1.2292e-03],\n",
      "        [9.1814e-06, 3.5569e-05, 9.9996e-01],\n",
      "        [2.3150e-06, 3.2492e-03, 9.9675e-01],\n",
      "        [1.8452e-03, 8.3487e-03, 9.8981e-01],\n",
      "        [9.9857e-01, 1.0654e-04, 1.3250e-03],\n",
      "        [9.9994e-01, 2.7014e-06, 5.8651e-05],\n",
      "        [9.9997e-01, 3.1210e-05, 2.9494e-06],\n",
      "        [9.8342e-01, 1.8274e-03, 1.4755e-02],\n",
      "        [2.3525e-04, 1.0012e-03, 9.9876e-01],\n",
      "        [9.9959e-01, 3.6743e-04, 4.2631e-05],\n",
      "        [1.6743e-09, 1.0000e+00, 2.3021e-06]], grad_fn=<SoftmaxBackward>)\n",
      "lebel:  tensor([0, 0, 2, 2, 1, 1, 2, 1, 1, 2, 2, 1, 1, 1, 2, 2, 0, 0, 1, 0])\n",
      "prediction:  tensor([[9.9995e-01, 8.6271e-08, 4.6173e-05],\n",
      "        [9.9998e-01, 6.7033e-08, 1.9494e-05],\n",
      "        [8.4571e-05, 1.7192e-03, 9.9820e-01],\n",
      "        [1.1873e-04, 3.9545e-03, 9.9593e-01],\n",
      "        [1.0887e-05, 9.9971e-01, 2.8096e-04],\n",
      "        [2.8149e-05, 9.9907e-01, 9.0197e-04],\n",
      "        [3.8364e-04, 5.4735e-05, 9.9956e-01],\n",
      "        [1.4038e-04, 9.8472e-01, 1.5137e-02],\n",
      "        [8.8465e-06, 9.9897e-01, 1.0186e-03],\n",
      "        [7.0783e-03, 3.0522e-04, 9.9262e-01],\n",
      "        [2.8841e-03, 8.0064e-03, 9.8911e-01],\n",
      "        [4.8813e-05, 9.9994e-01, 8.9328e-06],\n",
      "        [7.3032e-05, 9.9375e-01, 6.1776e-03],\n",
      "        [5.2438e-05, 9.9993e-01, 1.7918e-05],\n",
      "        [7.2177e-04, 1.9592e-05, 9.9926e-01],\n",
      "        [4.1638e-04, 8.5944e-05, 9.9950e-01],\n",
      "        [9.9984e-01, 7.7863e-05, 8.3811e-05],\n",
      "        [9.9993e-01, 6.0730e-08, 6.6865e-05],\n",
      "        [5.0246e-05, 9.9982e-01, 1.3182e-04],\n",
      "        [9.9976e-01, 1.5525e-07, 2.4482e-04]], grad_fn=<SoftmaxBackward>)\n",
      "lebel:  tensor([2, 0, 0, 1, 2, 0, 1, 2, 0, 0, 1, 0, 2, 0, 1, 1, 1, 0, 2, 0])\n",
      "prediction:  tensor([[2.2799e-06, 3.4257e-05, 9.9996e-01],\n",
      "        [9.9983e-01, 1.7391e-06, 1.7050e-04],\n",
      "        [9.9990e-01, 2.1765e-07, 9.8663e-05],\n",
      "        [2.1752e-05, 9.9960e-01, 3.7531e-04],\n",
      "        [1.3276e-04, 1.8569e-05, 9.9985e-01],\n",
      "        [9.9645e-01, 6.0812e-04, 2.9438e-03],\n",
      "        [1.0754e-08, 9.9999e-01, 6.7265e-06],\n",
      "        [1.1804e-05, 1.5138e-03, 9.9847e-01],\n",
      "        [9.9950e-01, 5.4462e-05, 4.4892e-04],\n",
      "        [9.9356e-01, 7.9239e-06, 6.4315e-03],\n",
      "        [1.9205e-06, 9.9999e-01, 6.5382e-06],\n",
      "        [9.9986e-01, 1.7585e-05, 1.2417e-04],\n",
      "        [7.2626e-05, 8.1720e-03, 9.9176e-01],\n",
      "        [9.9727e-01, 2.0120e-05, 2.7049e-03],\n",
      "        [8.8172e-04, 9.6212e-01, 3.7000e-02],\n",
      "        [4.9948e-08, 9.9987e-01, 1.3349e-04],\n",
      "        [5.3964e-05, 9.9715e-01, 2.7986e-03],\n",
      "        [9.9974e-01, 2.2607e-04, 3.2754e-05],\n",
      "        [1.4971e-07, 8.0128e-05, 9.9992e-01],\n",
      "        [9.9965e-01, 2.7384e-05, 3.2540e-04]], grad_fn=<SoftmaxBackward>)\n"
     ]
    },
    {
     "name": "stdout",
     "output_type": "stream",
     "text": [
      "lebel:  tensor([1, 2, 0, 0, 1, 2, 1, 2, 0, 1, 0, 0, 0, 2, 0, 1, 1, 1, 1, 1])\n",
      "prediction:  tensor([[8.4019e-05, 9.9929e-01, 6.2567e-04],\n",
      "        [6.0367e-05, 6.2625e-05, 9.9988e-01],\n",
      "        [9.8882e-01, 9.0855e-07, 1.1184e-02],\n",
      "        [9.9989e-01, 2.4586e-07, 1.0562e-04],\n",
      "        [2.3595e-05, 9.4707e-01, 5.2907e-02],\n",
      "        [2.9580e-04, 8.1809e-05, 9.9962e-01],\n",
      "        [4.9665e-05, 9.9490e-01, 5.0497e-03],\n",
      "        [2.3314e-09, 1.1153e-05, 9.9999e-01],\n",
      "        [9.9985e-01, 1.1454e-04, 3.0897e-05],\n",
      "        [4.5161e-06, 9.9999e-01, 1.0032e-05],\n",
      "        [9.9999e-01, 4.1040e-06, 1.0749e-05],\n",
      "        [9.9625e-01, 3.1804e-04, 3.4350e-03],\n",
      "        [9.9985e-01, 8.8621e-09, 1.5266e-04],\n",
      "        [1.9753e-05, 3.0323e-04, 9.9968e-01],\n",
      "        [9.9835e-01, 1.3261e-07, 1.6506e-03],\n",
      "        [4.1559e-04, 9.7871e-01, 2.0870e-02],\n",
      "        [1.0598e-05, 9.9730e-01, 2.6886e-03],\n",
      "        [1.8759e-06, 1.0000e+00, 1.3875e-06],\n",
      "        [4.2404e-04, 1.7369e-01, 8.2589e-01],\n",
      "        [2.3850e-02, 9.7588e-01, 2.6827e-04]], grad_fn=<SoftmaxBackward>)\n",
      "lebel:  tensor([0, 1, 0, 1, 0, 2, 1, 0, 1, 0, 0, 0, 1, 0, 1, 1, 0, 2, 1, 0])\n",
      "prediction:  tensor([[9.9174e-01, 3.2683e-06, 8.2544e-03],\n",
      "        [4.3258e-05, 9.9710e-01, 2.8560e-03],\n",
      "        [8.8800e-01, 1.7348e-04, 1.1183e-01],\n",
      "        [5.1457e-06, 9.9962e-01, 3.7439e-04],\n",
      "        [9.9870e-01, 3.9220e-09, 1.3039e-03],\n",
      "        [8.5650e-06, 3.8704e-04, 9.9960e-01],\n",
      "        [3.1244e-06, 9.9715e-01, 2.8506e-03],\n",
      "        [9.9932e-01, 3.9355e-04, 2.8175e-04],\n",
      "        [3.5889e-04, 9.4347e-01, 5.6167e-02],\n",
      "        [9.8037e-01, 5.7320e-05, 1.9571e-02],\n",
      "        [9.9953e-01, 1.7218e-05, 4.5607e-04],\n",
      "        [9.9293e-01, 6.7440e-06, 7.0655e-03],\n",
      "        [3.4591e-09, 9.9987e-01, 1.2667e-04],\n",
      "        [9.9986e-01, 1.0297e-05, 1.2911e-04],\n",
      "        [5.3791e-05, 9.9300e-01, 6.9469e-03],\n",
      "        [4.2425e-04, 9.9957e-01, 9.1007e-06],\n",
      "        [9.9865e-01, 1.6885e-04, 1.1845e-03],\n",
      "        [2.4491e-08, 5.8406e-07, 1.0000e+00],\n",
      "        [1.6809e-08, 9.9945e-01, 5.4591e-04],\n",
      "        [9.9885e-01, 4.2672e-04, 7.2179e-04]], grad_fn=<SoftmaxBackward>)\n",
      "lebel:  tensor([2, 0, 0, 2, 2, 0, 1, 2, 2, 2, 0, 2, 1, 0, 1, 2, 2, 2, 2, 1])\n",
      "prediction:  tensor([[1.6090e-04, 1.2926e-03, 9.9855e-01],\n",
      "        [9.9975e-01, 9.9049e-06, 2.3947e-04],\n",
      "        [9.9999e-01, 9.3538e-08, 5.3799e-06],\n",
      "        [6.6180e-04, 2.1785e-02, 9.7755e-01],\n",
      "        [4.0297e-04, 5.7157e-04, 9.9903e-01],\n",
      "        [9.9986e-01, 4.1167e-05, 1.0065e-04],\n",
      "        [2.3177e-07, 1.0000e+00, 4.1412e-08],\n",
      "        [1.0803e-04, 1.3561e-03, 9.9854e-01],\n",
      "        [1.8808e-02, 1.3458e-03, 9.7985e-01],\n",
      "        [1.6525e-04, 7.2317e-02, 9.2752e-01],\n",
      "        [9.9999e-01, 1.1482e-05, 4.7498e-08],\n",
      "        [1.0145e-03, 7.9865e-03, 9.9100e-01],\n",
      "        [7.8950e-09, 9.9999e-01, 1.2519e-05],\n",
      "        [9.9999e-01, 6.9688e-06, 5.2656e-06],\n",
      "        [2.4572e-05, 9.9988e-01, 9.3207e-05],\n",
      "        [7.4677e-04, 3.7691e-04, 9.9888e-01],\n",
      "        [1.7247e-05, 1.8456e-05, 9.9996e-01],\n",
      "        [2.5956e-01, 9.2431e-03, 7.3119e-01],\n",
      "        [8.2192e-03, 1.0414e-05, 9.9177e-01],\n",
      "        [2.1176e-06, 9.9999e-01, 5.2425e-06]], grad_fn=<SoftmaxBackward>)\n",
      "lebel:  tensor([1, 1, 0, 2, 2, 1, 1, 2, 2, 0, 2, 0, 1, 0, 1, 1, 0, 1, 2, 0])\n",
      "prediction:  tensor([[2.5728e-04, 9.5322e-01, 4.6525e-02],\n",
      "        [1.8305e-07, 9.9266e-01, 7.3365e-03],\n",
      "        [9.9998e-01, 1.2165e-05, 1.1739e-05],\n",
      "        [3.2817e-02, 1.1578e-05, 9.6717e-01],\n",
      "        [2.6974e-03, 3.9810e-05, 9.9726e-01],\n",
      "        [3.6339e-04, 8.9723e-01, 1.0241e-01],\n",
      "        [1.1714e-09, 9.9999e-01, 1.3735e-05],\n",
      "        [6.1679e-05, 1.6699e-06, 9.9994e-01],\n",
      "        [7.0659e-04, 2.3861e-05, 9.9927e-01],\n",
      "        [1.0000e+00, 2.5144e-08, 3.1690e-06],\n",
      "        [6.6091e-06, 1.3223e-05, 9.9998e-01],\n",
      "        [9.9771e-01, 3.9781e-04, 1.8933e-03],\n",
      "        [9.2289e-04, 9.9071e-01, 8.3669e-03],\n",
      "        [1.0000e+00, 3.0905e-07, 1.1183e-07],\n",
      "        [1.1060e-03, 9.9696e-01, 1.9294e-03],\n",
      "        [1.1234e-05, 9.9996e-01, 2.7433e-05],\n",
      "        [9.9926e-01, 4.6141e-04, 2.7736e-04],\n",
      "        [3.9228e-06, 9.9960e-01, 3.9631e-04],\n",
      "        [7.9901e-04, 2.4333e-04, 9.9896e-01],\n",
      "        [9.9614e-01, 3.5699e-03, 2.8928e-04]], grad_fn=<SoftmaxBackward>)\n",
      "lebel:  tensor([1, 1, 2, 2, 2, 1, 2, 2, 2, 2, 1, 2, 2, 1, 1, 0, 0, 0, 0, 1])\n",
      "prediction:  tensor([[4.2569e-05, 9.9942e-01, 5.3460e-04],\n",
      "        [5.3550e-05, 9.9989e-01, 5.5443e-05],\n",
      "        [2.3189e-04, 2.0519e-05, 9.9975e-01],\n",
      "        [2.4275e-04, 2.2697e-06, 9.9975e-01],\n",
      "        [2.5382e-04, 1.2403e-02, 9.8734e-01],\n",
      "        [7.7777e-07, 1.0000e+00, 1.8751e-08],\n",
      "        [4.4107e-04, 3.0260e-04, 9.9926e-01],\n",
      "        [1.4834e-03, 5.9238e-04, 9.9792e-01],\n",
      "        [3.6740e-03, 6.7191e-05, 9.9626e-01],\n",
      "        [2.2446e-04, 8.4706e-03, 9.9130e-01],\n",
      "        [6.3600e-05, 9.9161e-01, 8.3217e-03],\n",
      "        [1.0008e-02, 2.9474e-05, 9.8996e-01],\n",
      "        [4.8446e-04, 6.4621e-04, 9.9887e-01],\n",
      "        [1.8760e-04, 9.9878e-01, 1.0339e-03],\n",
      "        [7.1573e-06, 9.9996e-01, 3.3156e-05],\n",
      "        [9.9999e-01, 5.2154e-06, 3.3674e-06],\n",
      "        [1.0000e+00, 8.7887e-07, 1.9164e-07],\n",
      "        [1.0000e+00, 2.3643e-08, 2.2387e-06],\n",
      "        [9.9995e-01, 5.5805e-06, 4.0313e-05],\n",
      "        [1.4359e-03, 9.8515e-01, 1.3413e-02]], grad_fn=<SoftmaxBackward>)\n",
      "lebel:  tensor([1, 1, 0, 1, 1, 0, 1, 2, 1, 1, 2, 0, 0, 0, 1, 0, 2, 2, 0, 0])\n",
      "prediction:  tensor([[1.8024e-05, 9.9971e-01, 2.7095e-04],\n",
      "        [1.7174e-08, 9.9726e-01, 2.7404e-03],\n",
      "        [9.9878e-01, 1.6536e-05, 1.2002e-03],\n",
      "        [1.0206e-04, 9.9981e-01, 8.3057e-05],\n",
      "        [5.4418e-06, 9.9663e-01, 3.3619e-03],\n",
      "        [9.9865e-01, 2.5901e-07, 1.3539e-03],\n",
      "        [2.8035e-09, 9.9956e-01, 4.4403e-04],\n",
      "        [1.0705e-03, 5.5741e-06, 9.9892e-01],\n",
      "        [4.9874e-06, 9.9921e-01, 7.8921e-04],\n",
      "        [7.9962e-05, 9.7432e-01, 2.5603e-02],\n",
      "        [1.1398e-05, 1.3130e-04, 9.9986e-01],\n",
      "        [9.9986e-01, 3.4523e-06, 1.3868e-04],\n",
      "        [9.9997e-01, 9.3687e-06, 1.9658e-05],\n",
      "        [9.9458e-01, 5.8861e-06, 5.4171e-03],\n",
      "        [5.4259e-06, 9.9995e-01, 4.0790e-05],\n",
      "        [9.9638e-01, 9.3024e-07, 3.6211e-03],\n",
      "        [2.0052e-04, 3.8112e-03, 9.9599e-01],\n",
      "        [2.5896e-05, 8.6565e-07, 9.9997e-01],\n",
      "        [9.9995e-01, 2.8152e-05, 1.8022e-05],\n",
      "        [9.9990e-01, 2.3042e-06, 9.4685e-05]], grad_fn=<SoftmaxBackward>)\n",
      "lebel:  tensor([2, 0, 1, 2, 0, 2, 0, 2, 1, 0, 1, 0, 2, 2, 1, 2, 1, 1, 2, 0])\n",
      "prediction:  tensor([[2.6197e-04, 1.5335e-04, 9.9958e-01],\n",
      "        [9.9999e-01, 9.5028e-08, 9.0293e-06],\n",
      "        [3.7101e-08, 9.9994e-01, 6.1020e-05],\n",
      "        [3.7261e-05, 3.0449e-05, 9.9993e-01],\n",
      "        [9.9999e-01, 1.3240e-05, 6.3157e-07],\n",
      "        [6.8865e-02, 6.0814e-04, 9.3053e-01],\n",
      "        [9.9995e-01, 1.5476e-06, 4.5365e-05],\n",
      "        [1.9787e-06, 1.8081e-05, 9.9998e-01],\n",
      "        [1.8182e-05, 9.9904e-01, 9.4044e-04],\n",
      "        [9.9999e-01, 1.3481e-05, 1.2425e-06],\n",
      "        [3.8270e-04, 9.8635e-01, 1.3263e-02],\n",
      "        [9.9989e-01, 5.3707e-06, 1.0460e-04],\n",
      "        [1.1588e-02, 4.1178e-05, 9.8837e-01],\n",
      "        [3.6657e-06, 2.1174e-04, 9.9978e-01],\n",
      "        [2.6301e-06, 9.9999e-01, 2.5446e-06],\n",
      "        [2.4378e-03, 7.4073e-04, 9.9682e-01],\n",
      "        [2.8297e-09, 1.0000e+00, 4.6922e-07],\n",
      "        [4.4867e-03, 9.2216e-01, 7.3350e-02],\n",
      "        [5.6064e-04, 2.5060e-03, 9.9693e-01],\n",
      "        [9.9884e-01, 7.8799e-04, 3.7210e-04]], grad_fn=<SoftmaxBackward>)\n",
      "lebel:  tensor([1, 0, 1, 0, 0, 1, 1, 0, 2, 1, 2, 2, 2, 1, 0, 1, 0, 2, 2, 1])\n",
      "prediction:  tensor([[6.2279e-06, 9.7728e-01, 2.2713e-02],\n",
      "        [9.9999e-01, 1.4702e-06, 7.1218e-06],\n",
      "        [4.4048e-08, 9.9704e-01, 2.9562e-03],\n",
      "        [1.0000e+00, 2.7461e-07, 1.0766e-07],\n",
      "        [9.9830e-01, 5.1145e-07, 1.6984e-03],\n",
      "        [6.9491e-06, 9.9524e-01, 4.7571e-03],\n",
      "        [2.6107e-06, 9.9998e-01, 1.6826e-05],\n",
      "        [9.9989e-01, 6.1487e-06, 9.9539e-05],\n",
      "        [1.5761e-05, 2.6228e-04, 9.9972e-01],\n",
      "        [2.4547e-05, 9.9989e-01, 8.3802e-05],\n",
      "        [6.5490e-02, 1.2334e-07, 9.3451e-01],\n",
      "        [2.7321e-03, 3.2224e-03, 9.9405e-01],\n",
      "        [3.2100e-03, 8.0096e-04, 9.9599e-01],\n",
      "        [8.0309e-06, 9.9764e-01, 2.3516e-03],\n",
      "        [9.9996e-01, 1.7230e-07, 3.9023e-05],\n",
      "        [5.4847e-06, 9.9995e-01, 4.3714e-05],\n",
      "        [9.9859e-01, 7.0785e-06, 1.4044e-03],\n",
      "        [1.3713e-02, 5.0865e-02, 9.3542e-01],\n",
      "        [2.2479e-03, 1.6398e-05, 9.9774e-01],\n",
      "        [2.2069e-05, 9.0707e-01, 9.2910e-02]], grad_fn=<SoftmaxBackward>)\n"
     ]
    },
    {
     "name": "stdout",
     "output_type": "stream",
     "text": [
      "lebel:  tensor([0, 0, 1, 1, 0, 2, 1, 1, 0, 0, 2, 2, 2, 2, 0, 2, 0, 2, 2, 0])\n",
      "prediction:  tensor([[9.9990e-01, 5.2035e-06, 9.5159e-05],\n",
      "        [9.6774e-01, 2.5553e-02, 6.7108e-03],\n",
      "        [8.2096e-09, 1.0000e+00, 1.5031e-08],\n",
      "        [2.8236e-03, 9.4707e-01, 5.0107e-02],\n",
      "        [9.9933e-01, 2.3185e-05, 6.4881e-04],\n",
      "        [5.0353e-03, 1.8011e-01, 8.1485e-01],\n",
